mean: [75.17166682341139, 76.80874605712376, 78.56289270151774]
std: [40.4750835298387, 40.537190424613286, 40.09948233997197]